69
91
77
88
62
93
57
67
63
83
56
95
81
75
72
52
79
58
96
74
54
66
64
49
94
70
61
84
92
86
65
76
82
68
87
112
142
121
131
99
145
124
105
111
100
135
98
139
132
102
138
110
133
127
137
117
126
115
101
108
120
143
104
123
106
134
129
136
125
128
1745
1736
1729
1756
1738
1709
1713
1717
1754
1718
1730
1723
1732
1746
1728
1737
1724
1710
1719
1725
1734
1748
1715
1721
1744
1747
1720
1755
1712
1735
1726
1733
1711
1739
1749
178
154
182
156
155
183
177
190
175
188
174
169
153
162
187
161
185
176
159
160
163
192
164
168
167
186
191
152
170
166
149
171
165
235
210
237
218
193
232
216
217
221
242
229
240
201
209
228
226
239
205
198
223
233
225
220
203
230
238
202
206
211
207
213
236
204
241
227
287
283
279
263
266
249
281
264
280
282
254
248
247
273
272
267
251
244
292
245
258
277
262
269
243
271
250
268
275
260
256
252
286
278
276
339
322
320
331
335
297
340
334
314
313
311
325
317
308
301
294
321
315
312
324
341
298
296
300
319
327
305
299
306
307
338
336
304
316
303
702
731
703
715
721
730
699
711
724
725
720
701
693
729
737
722
708
713
733
689
710
707
698
705
719
736
727
709
717
726
692
734
738
716
714
439
405
418
400
437
397
428
416
430
402
403
415
423
399
396
411
414
401
407
422
410
412
421
433
427
417
438
395
406
393
398
413
424
481
462
449
483
458
442
460
459
457
461
466
485
451
447
467
479
443
468
453
445
484
446
472
488
470
448
475
473
476
486
441
463
454
456
474
511
506
496
528
529
513
525
515
519
534
512
532
507
521
501
489
527
498
493
523
518
533
520
508
505
522
509
514
497
504
536
531
500
530
499
562
553
559
564
577
580
576
550
588
547
544
556
570
563
540
582
569
545
549
566
571
578
552
587
558
565
572
541
581
557
548
560
573
554
567
637
626
591
619
618
629
604
609
628
608
627
638
594
611
607
610
613
621
590
597
599
601
600
589
615
634
631
622
595
598
592
633
616
620
636
663
639
681
641
640
688
658
668
645
677
680
672
657
647
682
655
671
683
684
665
686
679
674
661
646
656
653
664
642
660
662
652
676
644
650
381
378
368
379
343
344
354
361
367
358
362
387
356
364
349
369
373
366
375
386
376
374
388
383
391
346
372
390
360
352
347
357
385
359
363
781
773
779
756
748
767
758
752
785
777
761
759
760
780
783
774
772
782
744
786
766
784
763
762
775
754
743
757
751
740
776
770
750
747
753
813
821
793
789
826
799
802
794
811
812
810
808
795
822
805
790
824
819
809
807
791
800
792
825
804
830
827
798
828
818
815
856
868
863
875
865
872
834
862
855
880
878
851
831
879
836
858
838
853
877
843
837
871
848
842
859
857
844
854
850
867
839
845
841
860
876
895
913
894
885
884
911
930
906
887
925
915
886
882
914
889
922
916
907
892
918
881
926
924
928
899
891
921
917
901
893
904
896
908
927
919
958
976
949
940
956
954
937
973
931
977
967
947
933
970
978
959
951
974
936
952
961
969
945
935
950
946
957
960
966
939
942
938
932
962
964
1025
1028
1016
1019
994
1013
990
989
1023
987
983
1027
1004
1001
1017
1002
1020
1012
1009
1022
1024
993
1011
1000
1018
995
985
1014
998
1003
1010
1007
991
996
984
1032
1074
1077
1043
1039
1042
1059
1055
1045
1068
1041
1050
1071
1037
1078
1056
1058
1047
1034
1066
1073
1048
1064
1060
1062
1051
1063
1054
1033
1069
1079
1075
1053
1031
1070
1097
1093
1103
1090
1091
1080
1095
1083
1101
1087
1104
1107
1102
1086
1108
1096
1081
1099
1092
1094
1089
1119
1111
1157
1146
1124
1121
1123
1117
1149
1156
1118
1125
1138
1110
1147
1128
1135
1120
1131
1122
1116
1143
1133
1134
1145
1155
1141
1132
1137
1151
1139
1153
1158
1142
1136
1161
1183
1178
1180
1166
1177
1163
1182
1174
1179
1160
1164
1173
1181
1159
1172
1176
1167
1162
1196
1208
1210
1220
1191
1199
1207
1200
1225
1212
1189
1186
1229
1195
1228
1202
1192
1216
1209
1222
1188
1213
1226
1197
1217
1219
1230
1190
1193
1233
1211
1201
1215
1232
1204
1269
1235
1264
1247
1237
1254
1267
1270
1240
1276
1262
1282
1277
1255
1265
1280
1246
1256
1243
1259
1279
1271
1260
1263
1251
1283
1245
1242
1249
1248
1273
1253
1244
1278
1252
1305
1331
1287
1290
1318
1293
1316
1291
1308
1310
1299
1296
1303
1300
1322
1312
1307
1326
1292
1324
1288
1319
1321
1311
1301
1320
1330
1328
1297
1302
1314
1295
1329
1294
1298
1372
1371
1369
1349
1345
1346
1342
1351
1353
1355
1335
1363
1370
1359
1378
1338
1374
1352
1375
1340
1377
1347
1357
1339
1379
1376
1373
1348
1365
1362
1356
1343
1364
1336
1333
1427
1415
1403
1390
1386
1407
1423
1429
1397
1412
1395
1417
1385
1411
1416
1382
1424
1401
1399
1404
1387
1405
1408
1402
1425
1421
1389
1428
1413
1388
1392
1418
1410
1414
1440
1448
1438
1466
1462
1476
1467
1442
1435
1439
1436
1468
1469
1452
1451
1441
1444
1447
1434
1455
1471
1443
1445
1464
1457
1474
1450
1473
1460
1458
1472
1453
1433
1525
1509
1511
1501
1496
1498
1520
1513
1482
1521
1492
1483
1516
1504
1503
1479
1490
1477
1507
1494
1497
1487
1502
1512
1484
1506
1523
1500
1524
1491
1478
1508
1481
1526
1489
1559
1536
1538
1556
1551
1553
1528
1527
1530
1540
1534
1541
1545
1539
1543
1557
1546
1535
1555
1532
1533
1542
1550
1537
1572
1597
1585
1579
1577
1591
1563
1605
1587
1609
1583
1596
1590
1593
1602
1598
1586
1578
1595
1600
1584
1580
1601
1607
1576
1581
1566
1592
1606
1589
1574
1561
1588
1599
1568
1616
1642
1617
1658
1632
1636
1615
1653
1629
1640
1652
1625
1656
1637
1646
1654
1655
1614
1649
1613
1626
1641
1611
1627
1648
1645
1612
1620
1633
1631
1634
1630
1622
1647
1639
1662
1672
1665
1687
1679
1663
1669
1708
1681
1671
1686
1675
1659
1693
1695
1661
1694
1682
1674
1673
1691
1677
1690
1707
1678
1706
1703
1684
1660
1704
1701
1692
1705
1670
1668
23
2
7
12
14
16
35
36
4
48
46
34
41
20
21
15
32
37
29
24
3
10
11
31
45
13
27
47
8
22
30
19
33
44
1
1796
1765
1798
1772
1766
1785
1788
1762
1771
1780
1773
1779
1805
1767
1768
1776
1759
1784
1807
1803
1760
1792
1801
1778
1804
1769
1786
1763
1758
1770
1783
1775
1800
1795
1797
1822
1856
1843
1842
1828
1812
1819
1824
1840
1827
1855
1833
1823
1851
1850
1830
1853
1810
1837
1834
1829
1845
1846
1811
1817
1841
1813
1820
1808
1818
1815
1839
1816
1848
1814
1889
1880
1896
1900
1902
1891
1898
1888
1869
1878
1871
1892
1870
1881
1884
1879
1860
1859
1897
1868
1887
1862
1864
1905
1861
1865
1899
1882
1867
1873
1872
1895
1890
1894
1877
1948
1923
1933
1937
1943
1945
1953
1910
1922
1942
1907
1928
1920
1913
1950
1934
1919
1924
1916
1930
1947
1952
1912
1917
1927
1935
1939
1941
1915
1944
1926
1918
1951
1946
1936
1977
1995
1998
1981
1992
1973
1985
1961
2002
1978
1975
1956
2000
1957
1962
1959
1970
1971
1997
1987
1958
1960
1980
1976
1986
2003
1969
1964
1968
1993
1982
1979
1974
1967
2010
2022
2019
2031
2049
2035
2004
2042
2029
2037
2044
2038
2030
2015
2048
2051
2041
2039
2006
2025
2014
2012
2046
2018
2053
2013
2024
2040
2017
2008
2005
2033
2032
2026
2047
2095
2054
2058
2062
2069
2096
2075
2091
2071
2059
2077
2055
2098
2088
2099
2076
2084
2063
2086
2083
2080
2061
2085
2067
2103
2092
2074
2068
2057
2094
2090
2078
2102
2072
2064
2120
2145
2114
2109
2137
2125
2119
2113
2143
2116
2150
2108
2147
2144
2111
2112
2138
2124
2126
2106
2110
2123
2130
2132
2141
2117
2133
2118
2107
2148
2127
2152
2140
2128
2146
2189
2174
2173
2172
2200
2187
2190
2197
2198
2163
2168
2165
2192
2181
2155
2182
2166
2160
2178
2176
2158
2170
2154
2199
2201
2157
2183
2161
2156
2188
2193
2177
2196
2171
2232
2206
2249
2224
2213
2211
2217
2250
2234
2210
2238
2248
2203
2231
2242
2212
2207
2215
2239
2230
2247
2244
2229
2208
2241
2220
2227
2216
2218
2245
2246
2219
2243
2221
2209
2266
2259
2280
2269
2283
2290
2273
2294
2296
2276
2260
2274
2270
2263
2257
2291
2265
2284
2298
2279
2255
2275
2286
2254
2277
2293
2272
2253
2264
2285
2289
2281
2295
2271
2287
2312
2330
2349
2311
2315
2306
2348
2305
2335
2347
2337
2325
2336
2321
2308
2344
2309
2320
2302
2313
2327
2304
2334
2319
2341
2314
2338
2310
2317
2318
2340
2322
2345
2316
2343
4532
4547
4526
4548
4505
4509
4538
4522
4551
4527
4516
4541
4534
4504
4514
4510
4513
4511
4512
4521
4508
4545
4502
4529
4524
4537
4519
4550
4531
4517
4503
4540
4542
4506
4535
2420
2433
2446
2432
2445
2434
2440
2421
2403
2404
2447
2418
2419
2438
2441
2405
2401
2442
2400
2412
2408
2425
2407
2409
2399
2428
2448
2406
2424
2417
2429
2423
2402
2435
2411
2496
2454
2464
2474
2475
2489
2477
2453
2493
2450
2490
2449
2480
2458
2488
2486
2476
2451
2487
2455
2484
2471
2463
2461
2457
2456
2467
2495
2479
2483
2494
2492
2459
2473
2468
2500
2504
2502
2503
2498
2499
2552
2528
2508
2516
2541
2527
2551
2555
2537
2548
2539
2531
2535
2536
2511
2554
2521
2545
2549
2532
2544
2534
2543
2513
2526
2522
2518
2547
2546
2524
2550
2512
2542
2515
2517
2573
2565
2582
2591
2559
2572
2569
2576
2580
2575
2578
2581
2574
2585
2584
2562
2579
2561
2590
2586
2566
2571
2556
2558
2570
2589
2615
2598
2618
2617
2620
2622
2634
2602
2596
2637
2630
2607
2603
2631
2610
2616
2613
2606
2640
2597
2639
2614
2595
2638
2599
2592
2629
2623
2625
2635
2632
2611
2600
2627
2604
2647
2658
2686
2660
2642
2667
2652
2662
2661
2650
2666
2646
2687
2663
2671
2656
2684
2673
2670
2648
2685
2643
2657
2682
2675
2659
2665
2668
2651
2680
2649
2645
2688
2678
2690
2698
2694
2697
2731
2717
2730
2729
2732
2714
2711
2719
2703
2726
2721
2734
2738
2728
2699
2722
2720
2693
2708
2723
2710
2715
2709
2695
2707
2705
2737
2702
2706
2696
2691
2756
2780
2776
2746
2784
2743
2740
2747
2766
2750
2754
2758
2744
2755
2765
2769
2745
2781
2761
2763
2770
2786
2787
2753
2764
2788
2782
2775
2778
2760
2757
2742
2741
2768
2774
2789
2815
2832
2836
2822
2811
2829
2805
2791
2794
2807
2801
2830
2817
2808
2835
2803
2828
2798
2804
2821
2837
2826
2809
2838
2799
2812
2797
2802
2790
2833
2796
2814
2793
2816
2840
2867
2880
2850
2877
2865
2884
2852
2839
2881
2849
2856
2858
2854
2844
2842
2847
2869
2882
2883
2887
2860
2868
2873
2886
2853
2876
2851
2866
2875
2874
2885
2855
2872
2859
2925
2893
2927
2923
2900
2920
2929
2896
2898
2918
2904
2899
2894
2913
2937
2902
2903
2921
2915
2911
2912
2895
2916
2901
2919
2897
2891
2917
2933
2926
2936
2928
2932
2905
2910
2966
2948
2969
2967
2973
2955
2979
2964
2939
2980
2947
2962
2956
2978
2968
2960
2965
2957
2951
2971
2970
2982
2975
2981
2949
2954
2944
2963
2972
2958
2983
2946
2943
3015
3017
2995
3029
2985
3012
3016
3010
2996
3024
2990
3026
3001
2998
3032
3025
2988
3034
3007
3005
3014
2993
2989
3031
2994
3011
3004
3018
3013
2986
3008
2999
3009
2987
3033
3071
3074
3065
3045
3054
3055
3039
3052
3038
3083
3070
3082
3063
3075
3064
3053
3040
3044
3062
3077
3061
3050
3047
3037
3035
3056
3059
3036
3060
3049
3058
3066
3057
3067
3079
3107
3121
3089
3096
3119
3109
3085
3093
3106
3105
3112
3133
3100
3113
3118
3110
3129
3087
3095
3101
3108
3090
3099
3124
3128
3123
3116
3088
3131
3127
3117
3098
3092
3120
3122
3157
3166
3151
3161
3158
3176
3168
3138
3145
3154
3165
3163
3156
3162
3134
3142
3150
3147
3160
3171
3137
3149
3152
3159
3167
3182
3136
3148
3177
3169
3175
3181
3139
3180
3173
3229
3186
3188
3205
3225
3192
3184
3221
3223
3211
3214
3189
3193
3204
3209
3187
3208
3226
3191
3213
3220
3206
3227
3203
3216
3210
3199
3198
3195
3196
3200
3185
3218
3224
3270
3273
3239
3238
3253
3272
3263
3252
3237
3245
3236
3278
3255
3249
3269
3246
3232
3256
3244
3274
3247
3258
3254
3243
3264
3251
3233
3265
3266
3262
3242
3250
3231
3260
3314
3300
3280
3290
3313
3319
3307
3295
3317
3309
3281
3292
3283
3293
3303
3294
3312
3282
3301
3298
3284
3310
3299
3291
3286
3326
3288
3315
3305
3306
3296
3316
3287
3320
3285
3335
3359
3339
3375
3333
3357
3349
3353
3377
3356
3343
3340
3366
3344
3328
3365
3332
3350
3351
3362
3368
3330
3342
3346
3369
3363
3331
3355
3334
3348
3329
3372
3370
3341
3376
3392
3390
3404
3423
3407
3419
3378
3387
3393
3379
3386
3426
3403
3397
3422
3420
3402
3399
3414
3412
3421
3411
3415
3389
3413
3408
3395
3383
3409
3385
3424
3388
3384
3400
3398
3440
3437
3473
3430
3454
3442
3443
3459
3453
3460
3429
3451
3471
3431
3444
3463
3436
3427
3433
3467
3464
3468
3458
3448
3472
3461
3450
3465
3474
3438
3452
3462
3455
3434
3481
3485
3487
3477
3514
3489
3507
3503
3483
3486
3522
3479
3518
3502
3517
3516
3512
3498
3491
3494
3515
3506
3511
3510
3484
3521
3509
3513
3488
3499
3495
3505
3496
3497
3500
3537
3528
3545
3524
3525
3551
3532
3542
3539
3558
3533
3550
3560
3546
3565
3543
3548
3541
3527
3553
3566
3556
3571
3570
3538
3564
3530
3544
3555
3547
3549
3562
3536
3559
3601
3578
3610
3607
3589
3616
3590
3582
3595
3574
3609
3606
3586
3617
3613
3602
3600
3603
3583
3614
3605
3594
3584
3618
3598
3604
3611
3577
3572
3612
3593
3580
3573
3585
3620
3642
3637
3634
3635
3641
3630
3629
3661
3624
3631
3646
3648
3633
3649
3623
3644
3625
3669
3638
3645
3628
3656
3639
3667
3653
3658
3655
3636
3622
3652
3650
3665
3663
3657
3670
3712
3715
3695
3690
3673
3685
3704
3707
3689
3720
3674
3691
3716
3719
3710
3682
3681
3672
3671
3694
3714
3702
3675
3686
3703
3700
3711
3701
3692
3684
3698
3693
3706
3678
3718
3766
3753
3758
3760
3728
3747
3757
3752
3765
3732
3749
3755
3748
3744
3739
3751
3742
3738
3737
3745
3762
3725
3750
3730
3767
3770
3763
3726
3754
3736
3743
3740
3723
3733
3759
3781
3814
3795
3779
3787
3778
3796
3780
3797
3809
3811
3792
3776
3818
3799
3790
3773
3802
3810
3798
3774
3782
3791
3813
3771
3806
3801
3817
3789
3807
3793
3788
3784
3785
3833
3823
3842
3819
3856
3865
3838
3852
3847
3868
3860
3862
3867
3826
3851
3831
3850
3830
3827
3859
3861
3854
3837
3866
3863
3840
3821
3832
3853
3834
3841
3845
3820
3849
3858
3873
3885
3909
3895
3881
3911
3872
3875
3879
3880
3901
3871
3887
3913
3910
3869
3896
3897
3874
3914
3900
3877
3908
3916
3878
3906
3915
3893
3905
3883
3898
3882
3870
3912
3947
3951
3960
3940
3933
3949
3934
3921
3936
3952
3956
3943
3927
3954
3928
3958
3926
3918
3917
3930
3919
3941
3937
3965
3946
3959
3925
3944
3923
3948
3939
3932
3935
3963
3950
3997
3978
3975
3994
3980
3993
3976
3972
3987
3988
3979
3984
3996
3995
3986
3970
4002
3969
3981
4000
4001
3983
3992
3974
3967
3990
3982
4022
4029
4038
4020
4016
4017
4009
4040
4010
4019
4034
4032
4005
4021
4033
4011
4047
4025
4036
4052
4035
4043
4028
4049
4018
4037
4013
4023
4008
4042
4048
4031
4007
4053
4024
4076
4093
4062
4060
4080
4085
4092
4090
4103
4072
4098
4097
4069
4068
4082
4073
4091
4101
4063
4061
4071
4065
4066
4088
4099
4089
4056
4102
4067
4083
4077
4075
4078
4094
4096
4140
4118
4135
4132
4124
4117
4106
4105
4119
4134
4113
4152
4120
4149
4114
4142
4107
4143
4139
4110
4146
4151
4122
4138
4115
4137
4144
4129
4104
4130
4112
4150
4109
4126
4133
4161
4160
4168
4172
4177
4193
4157
4155
4192
4154
4187
4199
4176
4175
4181
4153
4196
4179
4163
4190
4164
4169
4170
4159
4186
4188
4189
4185
4174
4158
4180
4165
4171
4200
4183
4251
4227
4231
4209
4239
4205
4207
4228
4224
4213
4226
4216
4222
4240
4235
4218
4210
4208
4219
4236
4241
4238
4242
4221
4245
4243
4230
4232
4204
4249
4203
4211
4220
4237
4206
4260
4267
4265
4299
4293
4275
4273
4285
4274
4270
4269
4258
4277
4281
4292
4289
4283
4272
4259
4297
4261
4300
4255
4276
4286
4288
4278
4296
4282
4271
4291
4280
4279
4301
4298
4340
4320
4339
4303
4325
4324
4341
4305
4318
4336
4315
4328
4351
4344
4326
4335
4304
4321
4338
4332
4337
4334
4347
4345
4313
4312
4314
4323
4343
4327
4311
4333
4302
4349
4316
4357
4374
4364
4356
4373
4386
4358
4365
4359
4371
4397
4375
4360
4376
4395
4352
4353
4388
4383
4378
4379
4385
4398
4380
4369
4394
4387
4354
4384
4363
4400
4382
4399
4391
4390
4420
4405
4446
4439
4410
4431
4449
4415
4422
4442
4437
4435
4445
4403
4414
4418
4434
4432
4407
4426
4425
4421
4438
4429
4408
4424
4444
4427
4440
4412
4404
4416
4411
4402
4417
4492
4482
4458
4464
4460
4474
4465
4488
4462
4466
4476
4454
4495
4498
4490
4477
4481
4497
4479
4480
4491
4478
4494
4456
4469
4457
4499
4472
4453
4484
4496
4463
4459
4501
4467
2398
2390
2389
2357
2368
2395
2378
2359
2397
2372
2392
2383
2393
2363
2371
2384
2356
2387
2351
2391
2377
2367
2385
2360
2374
2375
2353
2382
2366
2355
2354
2350
2373
2361
2380
4584
4591
4575
4559
4571
4567
4566
4593
4582
4574
4569
4600
4573
4583
4577
4564
4585
4565
4555
4588
4587
4594
4556
4561
4554
4590
4579
4562
4595
4586
4560
4581
4601
4568
4597
4606
4605
4608
4611
4613
4627
4617
4603
4616
4625
4623
4614
4602
4624
4609
4622
4607
4615
4620
4628
4671
4666
4655
4633
4660
4663
4634
4638
4647
4649
4646
4659
4645
4656
4665
4674
4636
4673
4662
4644
4651
4661
4650
4631
4654
4640
4664
4632
4669
4657
4668
4670
4630
4701
4724
4678
4723
4704
4676
4699
4706
4697
4722
4707
4696
4682
4719
4683
4703
4693
4686
4681
4685
4700
4687
4716
4688
4679
4721
4705
4712
4725
4694
4717
4677
4709
4690
4691
4769
4773
4775
4746
4747
4758
4731
4735
4748
4774
4736
4750
4728
4751
4766
4745
4754
4744
4759
4761
4756
4738
4726
4743
4730
4755
4762
4752
4753
4732
4768
4770
4737
4764
4742
4825
4802
4820
4800
4779
4811
4816
4818
4807
4793
4799
4781
4778
4798
4821
4810
4796
4806
4792
4797
4787
4809
4782
4777
4823
4791
4824
4786
4822
4776
4788
4808
4784
4783
4795
